0 0.19609375 0.18046875 0.07421875 0.165625
0 0.265625 0.1984375 0.07421875 0.165625
0 0.33671875 0.19296875 0.078125 0.15703125
0 0.41328125 0.21328125 0.07578125 0.1484375
0 0.4828125 0.21171875 0.0609375 0.1390625
0 0.55703125 0.22265625 0.0671875 0.1703125
0 0.63125 0.23671875 0.0671875 0.15859375
0 0.71484375 0.21796875 0.065625 0.13203125
0 0.78984375 0.26796875 0.0796875 0.16171875
0 0.16640625 0.32890625 0.0703125 0.16171875
0 0.2421875 0.3546875 0.08046875 0.14375
0 0.31953125 0.3203125 0.065625 0.14375
0 0.3953125 0.32734375 0.08046875 0.15234375
0 0.465625 0.3359375 0.078125 0.165625
0 0.5421875 0.35390625 0.06953125 0.1421875
0 0.6109375 0.35234375 0.0828125 0.1390625
0 0.69765625 0.37890625 0.08046875 0.1453125
0 0.77890625 0.36953125 0.10703125 0.13359375
0 0.1546875 0.48671875 0.0796875 0.18671875
0 0.234375 0.48828125 0.08203125 0.15078125
0 0.321875 0.471875 0.078125 0.1703125
0 0.4 0.4796875 0.07578125 0.1484375
0 0.4765625 0.496875 0.08671875 0.14375
0 0.5609375 0.4734375 0.09765625 0.15390625
0 0.6328125 0.49453125 0.0859375 0.1921875
0 0.728125 0.5171875 0.08203125 0.16171875
0 0.803125 0.496875 0.0828125 0.1671875
0 0.13984375 0.65078125 0.10390625 0.15390625
0 0.2328125 0.65234375 0.0953125 0.16015625
0 0.32109375 0.6421875 0.08671875 0.196875
0 0.41875 0.68671875 0.11796875 0.15078125
0 0.49765625 0.634375 0.096875 0.1671875
0 0.5984375 0.68515625 0.07578125 0.1703125
0 0.6734375 0.6546875 0.09140625 0.175
0 0.78046875 0.6875 0.090625 0.18203125