0 0.1875 0.209375 0.06953125 0.14375
0 0.25078125 0.21953125 0.0703125 0.1453125
0 0.3203125 0.2265625 0.0703125 0.1484375
0 0.38671875 0.253125 0.0671875 0.13203125
0 0.4546875 0.253125 0.05859375 0.115625
0 0.51796875 0.275 0.06953125 0.13046875
0 0.58828125 0.284375 0.05859375 0.12890625
0 0.66484375 0.27578125 0.07421875 0.10234375
0 0.73359375 0.33828125 0.07578125 0.1203125
0 0.725 0.4234375 0.090625 0.12265625
0 0.63984375 0.42421875 0.06171875 0.146875
0 0.56484375 0.3890625 0.065625 0.146875
0 0.49453125 0.38359375 0.05859375 0.13203125
0 0.43125 0.38046875 0.065625 0.1453125
0 0.3609375 0.35234375 0.0671875 0.15234375
0 0.28984375 0.3390625 0.06484375 0.12265625
0 0.21484375 0.36484375 0.06796875 0.146875
0 0.14765625 0.33828125 0.0890625 0.140625
0 0.115625 0.4734375 0.08828125 0.1640625
0 0.196875 0.48828125 0.07578125 0.14375
0 0.2796875 0.4859375 0.07578125 0.1390625
0 0.35625 0.4859375 0.078125 0.15546875
0 0.43046875 0.51796875 0.07421875 0.1375
0 0.50546875 0.49921875 0.09296875 0.12890625
0 0.57734375 0.5359375 0.0703125 0.16171875
0 0.659375 0.56640625 0.078125 0.15078125
0 0.72890625 0.5421875 0.071875 0.16171875
0 0.09140625 0.6296875 0.090625 0.1359375
0 0.18203125 0.63515625 0.0828125 0.1359375
0 0.26328125 0.646875 0.09453125 0.15546875
0 0.353125 0.68515625 0.109375 0.1078125
0 0.43828125 0.64921875 0.09765625 0.140625
0 0.52578125 0.70234375 0.0765625 0.1359375
0 0.60546875 0.6796875 0.0765625 0.165625
0 0.70625 0.73046875 0.078125 0.175