0 0.221875 0.1671875 0.06953125 0.13203125
0 0.2890625 0.1859375 0.0671875 0.14375
0 0.353125 0.19375 0.071875 0.115625
0 0.415625 0.21015625 0.0546875 0.13203125
0 0.4875 0.21796875 0.06484375 0.1125
0 0.55 0.2421875 0.065625 0.12421875
0 0.62578125 0.2546875 0.06328125 0.12265625
0 0.70625 0.25546875 0.0859375 0.10390625
0 0.7765625 0.30859375 0.08046875 0.12734375
0 0.76796875 0.52890625 0.071875 0.18203125
0 0.734375 0.709375 0.084375 0.17890625
0 0.6328125 0.66328125 0.07578125 0.18515625
0 0.5515625 0.671875 0.06796875 0.1671875
0 0.4578125 0.621875 0.08671875 0.15546875
0 0.38203125 0.65 0.11875 0.11875
0 0.29296875 0.60234375 0.084375 0.146875
0 0.20390625 0.590625 0.078125 0.1484375
0 0.115625 0.584375 0.09765625 0.140625
0 0.14609375 0.4265625 0.0859375 0.165625
0 0.22421875 0.453125 0.07421875 0.1453125
0 0.3078125 0.44140625 0.07421875 0.1390625
0 0.378125 0.45703125 0.071875 0.15078125
0 0.4515625 0.48203125 0.06171875 0.15078125
0 0.5359375 0.471875 0.096875 0.12734375
0 0.6078125 0.509375 0.07421875 0.16875
0 0.696875 0.5390625 0.06953125 0.1390625
0 0.678125 0.39921875 0.08203125 0.146875
0 0.59609375 0.359375 0.07578125 0.140625
0 0.53125 0.3546875 0.0609375 0.14375
0 0.45625 0.33125 0.0671875 0.18046875
0 0.38671875 0.31171875 0.06171875 0.1640625
0 0.321875 0.29921875 0.0703125 0.1359375
0 0.25234375 0.3203125 0.05859375 0.14375
0 0.17890625 0.29375 0.0765625 0.140625