0 0.2078125 0.0859375 0.0828125 0.12890625
0 0.25 0.17109375 0.090625 0.15390625
0 0.29921875 0.2453125 0.09453125 0.1671875
0 0.33046875 0.37578125 0.090625 0.1671875
0 0.4046875 0.425 0.078125 0.18828125
0 0.4375 0.5703125 0.1078125 0.18203125
0 0.51640625 0.64765625 0.11796875 0.18046875
0 0.56640625 0.81328125 0.11875 0.20859375
0 0.734375 0.7140625 0.125 0.15859375
0 0.6578125 0.6203125 0.1328125 0.12578125
0 0.6046875 0.4875 0.14296875 0.12265625
0 0.565625 0.39453125 0.1609375 0.10078125
0 0.48828125 0.31875 0.08671875 0.18203125
0 0.46328125 0.21953125 0.090625 0.1421875
0 0.4125 0.1484375 0.10078125 0.1125
0 0.35703125 0.0765625 0.09921875 0.1171875
0 0.303125 0.034375 0.103125 0.06875
0 0.81875 0.5890625 0.09296875 0.18671875
0 0.921875 0.5296875 0.11796875 0.12734375
0 0.8828125 0.39375 0.1390625 0.10546875
0 0.7984375 0.3078125 0.09921875 0.12265625
0 0.74453125 0.4796875 0.10546875 0.171875
0 0.7 0.36015625 0.0859375 0.1421875
0 0.64453125 0.2828125 0.08671875 0.1359375
0 0.5984375 0.2125 0.09765625 0.13046875
0 0.5546875 0.125 0.09921875 0.13359375
0 0.509375 0.05390625 0.08828125 0.1078125
0 0.44140625 0.0359375 0.09140625 0.07109375
0 0.74765625 0.21484375 0.12421875 0.12890625
0 0.70546875 0.1359375 0.109375 0.11875
0 0.6484375 0.06640625 0.10703125 0.11875
0 0.59140625 0.02578125 0.084375 0.0515625