0 0.12578125 0.6234375 0.09296875 0.16875
0 0.21796875 0.62890625 0.08203125 0.1640625
0 0.3046875 0.62578125 0.08203125 0.16015625
0 0.3953125 0.66640625 0.1140625 0.1390625
0 0.4765625 0.62421875 0.08828125 0.15078125
0 0.57421875 0.67578125 0.07421875 0.15390625
0 0.65 0.6546875 0.0796875 0.17890625
0 0.75 0.696875 0.084375 0.16015625
0 0.14765625 0.45859375 0.0796875 0.1703125
0 0.2296875 0.475 0.08828125 0.140625
0 0.3109375 0.46015625 0.0671875 0.140625
0 0.3890625 0.4671875 0.0734375 0.14375
0 0.4609375 0.49453125 0.06953125 0.16171875
0 0.540625 0.471875 0.096875 0.1375
0 0.615625 0.50703125 0.0703125 0.1703125
0 0.70234375 0.52421875 0.0734375 0.15234375
0 0.775 0.5109375 0.071875 0.165625
0 0.17109375 0.31484375 0.08203125 0.146875
0 0.2421875 0.34140625 0.06328125 0.15390625
0 0.31328125 0.315625 0.05859375 0.1359375
0 0.3859375 0.32421875 0.0671875 0.1453125
0 0.45859375 0.34609375 0.0703125 0.14375
0 0.52890625 0.35390625 0.0828125 0.12890625
0 0.59765625 0.36015625 0.0796875 0.115625
0 0.67734375 0.384375 0.0703125 0.146875
0 0.76015625 0.38359375 0.09453125 0.11875
0 0.77109375 0.28671875 0.06171875 0.13046875
0 0.70390625 0.2359375 0.0828125 0.1140625
0 0.6171875 0.24609375 0.0609375 0.12890625
0 0.5515625 0.2296875 0.065625 0.1453125
0 0.47890625 0.21328125 0.065625 0.1359375
0 0.41015625 0.2078125 0.06484375 0.15390625
0 0.33828125 0.1828125 0.0671875 0.15390625
0 0.265625 0.18828125 0.0609375 0.15859375
0 0.203125 0.171875 0.078125 0.1484375