0 0.13359375 0.240625 0.090625 0.1734375
0 0.21484375 0.25 0.08046875 0.2015625
0 0.29921875 0.2421875 0.08828125 0.18359375
0 0.390625 0.2640625 0.08671875 0.18671875
0 0.46953125 0.2609375 0.0703125 0.16171875
0 0.55390625 0.28125 0.08828125 0.1921875
0 0.63671875 0.28984375 0.0859375 0.1734375
0 0.73671875 0.278125 0.1015625 0.1359375
0 0.81875 0.3390625 0.084375 0.18203125
0 0.1140625 0.4203125 0.08671875 0.18515625
0 0.2015625 0.4375 0.078125 0.1765625
0 0.28359375 0.40703125 0.0828125 0.171875
0 0.37109375 0.40625 0.078125 0.2
0 0.45390625 0.434375 0.084375 0.19375
0 0.5359375 0.43515625 0.07421875 0.17890625
0 0.6140625 0.43125 0.0890625 0.17890625
0 0.10703125 0.60703125 0.096875 0.2015625
0 0.10859375 0.7890625 0.103125 0.16875
0 0.20390625 0.7859375 0.09765625 0.1734375
0 0.30234375 0.78046875 0.0796875 0.175
0 0.4046875 0.81484375 0.1328125 0.175
0 0.4828125 0.7625 0.115625 0.165625
0 0.59296875 0.80390625 0.0890625 0.2046875
0 0.6765625 0.78515625 0.08046875 0.18203125
0 0.7796875 0.81171875 0.1015625 0.17890625
0 0.20234375 0.60078125 0.08671875 0.1765625
0 0.2984375 0.58125 0.07578125 0.196875
0 0.3765625 0.5859375 0.08828125 0.1734375
0 0.4671875 0.6078125 0.0828125 0.1640625
0 0.55625 0.58671875 0.0953125 0.1453125
0 0.6375 0.6125 0.084375 0.196875
0 0.73203125 0.63828125 0.0796875 0.16875
0 0.81328125 0.60234375 0.084375 0.1734375
0 0.79765625 0.45859375 0.09453125 0.15703125
0 0.7046875 0.465625 0.09453125 0.1734375