0 0.16640625 0.0859375 0.103125 0.16875
0 0.0953125 0.24765625 0.10390625 0.15234375
0 0.0375 0.396875 0.075 0.2
0 0.11171875 0.45703125 0.10703125 0.18046875
0 0.16328125 0.29609375 0.090625 0.1921875
0 0.23515625 0.125 0.090625 0.18671875
0 0.3234375 0.1515625 0.09140625 0.19375
0 0.2546875 0.29296875 0.078125 0.16875
0 0.203125 0.47734375 0.10703125 0.18671875
0 0.05 0.64453125 0.0953125 0.18203125
0 0.1484375 0.67734375 0.09921875 0.21953125
0 0.2375 0.7859375 0.1203125 0.18671875
0 0.34609375 0.7703125 0.1015625 0.24140625
0 0.44921875 0.871875 0.11015625 0.2328125
0 0.55234375 0.8890625 0.103125 0.22109375
0 0.68125 0.94296875 0.10546875 0.1140625
0 0.675 0.75625 0.1328125 0.20703125
0 0.56875 0.6671875 0.11796875 0.21640625
0 0.4859375 0.59140625 0.1515625 0.15390625
0 0.37734375 0.58046875 0.09921875 0.221875
0 0.29296875 0.509375 0.0859375 0.2015625
0 0.78984375 0.7671875 0.11640625 0.1984375
0 0.87265625 0.453125 0.1265625 0.21484375
0 0.78125 0.33671875 0.14375 0.14375
0 0.6640625 0.3234375 0.10546875 0.1671875
0 0.56875 0.275 0.11015625 0.18359375
0 0.48203125 0.225 0.09765625 0.16171875
0 0.4046875 0.196875 0.0859375 0.1921875
0 0.334375 0.32265625 0.0859375 0.21484375
0 0.4171875 0.3734375 0.08828125 0.21171875
0 0.5015625 0.4203125 0.08046875 0.18828125
0 0.596875 0.465625 0.10546875 0.1765625
0 0.6890625 0.54296875 0.1078125 0.21953125
0 0.81015625 0.5828125 0.115625 0.2328125