0 0.1578125 0.20390625 0.0796875 0.1765625
0 0.2296875 0.2171875 0.0765625 0.1640625
0 0.31328125 0.209375 0.0703125 0.1375
0 0.3890625 0.2296875 0.06953125 0.165625
0 0.46796875 0.23203125 0.07578125 0.15390625
0 0.540625 0.23984375 0.07421875 0.1421875
0 0.6234375 0.24921875 0.08203125 0.15703125
0 0.7015625 0.2296875 0.09296875 0.115625
0 0.7890625 0.2921875 0.09140625 0.15703125
0 0.13359375 0.3640625 0.08203125 0.171875
0 0.215625 0.39296875 0.08671875 0.16015625
0 0.29140625 0.3515625 0.08671875 0.14375
0 0.37265625 0.35703125 0.08046875 0.171875
0 0.45390625 0.37734375 0.0890625 0.16171875
0 0.521875 0.375 0.08203125 0.15859375
0 0.59921875 0.371875 0.07421875 0.1484375
0 0.69296875 0.40234375 0.0734375 0.146875
0 0.778125 0.39375 0.10078125 0.1421875
0 0.79140625 0.534375 0.084375 0.1984375
0 0.71953125 0.56171875 0.0734375 0.18046875
0 0.6265625 0.5484375 0.06171875 0.18046875
0 0.5515625 0.521875 0.0890625 0.1640625
0 0.465625 0.53046875 0.078125 0.17890625
0 0.375 0.5140625 0.06796875 0.18515625
0 0.29765625 0.52421875 0.0796875 0.171875
0 0.2078125 0.54140625 0.0859375 0.18046875
0 0.11953125 0.5359375 0.0859375 0.18515625
0 0.1125 0.70546875 0.096875 0.146875
0 0.2125 0.71171875 0.0953125 0.16015625
0 0.3 0.7 0.096875 0.1734375
0 0.3984375 0.73984375 0.121875 0.12421875
0 0.4828125 0.6828125 0.10546875 0.16171875
0 0.58515625 0.734375 0.08203125 0.16875
0 0.66171875 0.70390625 0.078125 0.1703125
0 0.77265625 0.73828125 0.09140625 0.1765625