0 0.221875 0.334375 0.07109375 0.0921875
0 0.2765625 0.31484375 0.06796875 0.09453125
0 0.34609375 0.31484375 0.07734375 0.10703125
0 0.4171875 0.29609375 0.06796875 0.1078125
0 0.49765625 0.29140625 0.0828125 0.09921875
0 0.5921875 0.271875 0.0859375 0.11171875
0 0.69609375 0.2734375 0.10546875 0.1125
0 0.21328125 0.4359375 0.0625 0.0828125
0 0.26796875 0.40625 0.07265625 0.08828125
0 0.34609375 0.403125 0.07109375 0.096875
0 0.4359375 0.41015625 0.084375 0.10703125
0 0.53515625 0.3875 0.10390625 0.1375
0 0.65703125 0.36796875 0.1140625 0.10703125
0 0.2125 0.52734375 0.07109375 0.090625
0 0.26796875 0.503125 0.0796875 0.10390625
0 0.35078125 0.4984375 0.0890625 0.09140625
0 0.434375 0.52265625 0.090625 0.103125
0 0.509375 0.49765625 0.09296875 0.125
0 0.59375 0.4578125 0.09609375 0.1140625
0 0.70703125 0.4921875 0.09765625 0.1484375
0 0.584375 0.5546875 0.12734375 0.09921875
0 0.209375 0.63984375 0.0578125 0.10390625
0 0.2734375 0.6078125 0.090625 0.1015625
0 0.33984375 0.61484375 0.10390625 0.0828125
0 0.41640625 0.6390625 0.09609375 0.11796875
0 0.4921875 0.6625 0.10390625 0.1078125
0 0.571875 0.671875 0.1125 0.1078125
0 0.709375 0.6640625 0.12265625 0.11796875
0 0.20859375 0.87890625 0.12265625 0.06484375
0 0.3265625 0.90390625 0.12421875 0.06953125
0 0.46484375 0.9328125 0.16875 0.06953125
0 0.65859375 0.97109375 0.20703125 0.0578125
0 0.50234375 0.98203125 0.1328125 0.0359375
0 0.3453125 0.9640625 0.128125 0.071875
0 0.240625 0.94375 0.12734375 0.08203125