0 0.13671875 0.284375 0.09140625 0.1953125
0 0.22265625 0.29765625 0.0734375 0.21171875
0 0.309375 0.27421875 0.0953125 0.2015625
0 0.40625 0.31640625 0.0734375 0.21015625
0 0.4890625 0.309375 0.0703125 0.18515625
0 0.58125 0.33125 0.059375 0.20703125
0 0.675 0.340625 0.0703125 0.1984375
0 0.78515625 0.32265625 0.09453125 0.171875
0 0.87578125 0.3890625 0.1078125 0.18984375
0 0.1203125 0.471875 0.08671875 0.20703125
0 0.115625 0.659375 0.0890625 0.2046875
0 0.1125 0.86328125 0.11171875 0.15234375
0 0.2140625 0.84296875 0.09296875 0.1921875
0 0.20546875 0.66640625 0.09453125 0.1984375
0 0.20859375 0.49296875 0.0828125 0.16875
0 0.29296875 0.465625 0.0796875 0.1765625
0 0.30390625 0.6484375 0.08203125 0.18828125
0 0.30703125 0.8625 0.08828125 0.16015625
0 0.41328125 0.89140625 0.1328125 0.16875
0 0.38984375 0.65234375 0.08828125 0.18984375
0 0.3765625 0.46640625 0.090625 0.18203125
0 0.4703125 0.4828125 0.0859375 0.1984375
0 0.559375 0.4984375 0.0796875 0.18046875
0 0.653125 0.49453125 0.10078125 0.20859375
0 0.7515625 0.53671875 0.11171875 0.19375
0 0.86015625 0.53515625 0.115625 0.16015625
0 0.86875 0.69609375 0.09296875 0.2046875
0 0.46953125 0.68125 0.103125 0.1953125
0 0.50078125 0.84765625 0.109375 0.1703125
0 0.6203125 0.8953125 0.08671875 0.209375
0 0.7078125 0.87734375 0.078125 0.18359375
0 0.825 0.9109375 0.1015625 0.178125
0 0.7765625 0.72578125 0.0859375 0.1953125
0 0.671875 0.69609375 0.0796875 0.1921875
0 0.58046875 0.6546875 0.11640625 0.1953125